0
0
0
0
0
0
0
0
0
0
0
0
0
0
0
0
0
0
0
0
0
0
0
0
1
0
0
0
0
0
0
0
0
0
0
0
0
0
0
0
0
0
0
0
0
0
0
0
7693820
-2855043
-7128179
-2925109
7131038
6814671
8206798
-1108537
-4587337
-167938
-827132
-6846926
736797
-3400720
5604731
142400
3910973
-7022544
4884886
-5646052
6110230
-5114704
834299
3423767
-3629563
7721171
-6897285
2451225
-841894
6682319
6523355
-5071509
3772874
119901
-6891932
-299830
-1707098
-3315022
-5284024
5031121
7762914
4820946
5680338
-2658133
-7240457
6069036
8263014
7364384
2338951
7313291
-4486820
-7965467
-2474533
2970706
-3926375
7791431
-7520980
6418445
-700920
-3261154
3326398
-870836
1701081
-3029991
-6007606
4680405
-414826
-1988532
-2692293
-3711968
-3246846
-1952737
